Centralized
MaxEmergencies = 15
MaxFailures = 15
NFiretrucks = 9
NAmbulances = 9

responseTimes
8,82046
4,412258
6,569847
3,787737
2,989043
4,533144
4,393491
6,046594
2,19999
1,350249

4.5102813

peopleSaved
114
134
108
105
58
76
112
78
111
127

102.3

peopleNotSaved
74
82
67
43
35
44
53
53
30
33

51.4

allPeople
188
216
175
148
93
120
165
131
141
160

153.7

runTimes
149,7465
121,4482
105,9426
98,43396
76,2522
78,63367
112,4774
116,069
106,1883
141,6517

110.68435300000002

maxResponseTime
88,38295

maxPeopleSaved
134

maxPeopleNotSaved
82

burnedRatios
6,930537
2,061586
1,161844
1,045672
1,247908
1,344806
1,598056
1,298322
1,164905
1,277597

1.9131233

ImpossibleEmergencies
2
1
0
0
0
0
0
0
0
0

0.3

WastedAmbulances
7
9
11
13
8
6
10
13
8
12

9.7

WastedFiretrucks
0
0
0
0
0
0
0
0
0
0

0.0
------------------------------------------------
