Centralized
MaxEmergencies = 5
MaxFailures = 15
NFiretrucks = 5
NAmbulances = 5

responseTimes
2,235147
4,549996
1,837337
1,799488
1,323686
2,607039
1,895286
3,352858
1,714506
2,183619

2.3498962000000003

peopleSaved
70
99
133
85
86
138
87
57
73
96

92.4

peopleNotSaved
59
43
41
41
43
61
36
30
60
28

44.2

allPeople
129
142
174
126
129
199
123
87
133
124

136.6

runTimes
132,5429
148,5649
231,3841
147,2054
207,0081
214,4861
181,8069
155,4457
120,3868
207,5984

174.64293000000004

maxResponseTime
24,23238

maxPeopleSaved
138

maxPeopleNotSaved
61

burnedRatios
1,542823
1,199662
3,105355
2,636897
2,000843
1,359318
1,872843
1,904609
1,180113
1,574645

1.8377108

ImpossibleEmergencies
1
0
2
1
3
0
1
0
0
3

1.1

WastedAmbulances
10
6
8
7
6
7
7
5
4
9

6.9

WastedFiretrucks
1
0
0
0
1
0
3
0
0
2

0.7
------------------------------------------------
