Help
MaxEmergencies = 5
MaxFailures = 15
NFiretrucks = 5
NAmbulances = 5


responseTimes
1,391992
0,895246
2,770286
2,256742
1,612761
1,631055
0,9550002
0,757027
0,9617181
1,287774

1.4519601300000002

peopleSaved
73
105
90
107
75
98
66
95
83
67

85.9

peopleNotSaved
31
60
43
65
69
53
45
51
57
56

53.0

allPeople
104
165
133
172
144
151
111
146
140
123

138.9

runTimes
129,3593
171,1079
139,6578
184,9138
131,8737
191,4907
178,0258
164,6912
131,1171
142,4346

156.46719000000002

maxResponseTime
33,83017

maxPeopleSaved
107

maxPeopleNotSaved
69

burnedRatios
1,366729
1,280005
1,684549
1,616428
1,156634
2,003649
2,582057
1,482032
1,302344
1,332984

1.5807411

ImpossibleEmergencies
0
0
1
0
0
2
3
1
0
0

0.7

WastedAmbulances
7
11
8
7
9
15
12
8
5
8

9.0

WastedFiretrucks
0
0
2
0
0
1
3
0
0
0

0.6
------------------------------------------------