Centralized
MaxEmergencies = 15
MaxFailures = 15
NFiretrucks = 6
NAmbulances = 6

responseTimes
8,890772
1,661456
8,10139
10,0016
6,694441
9,52191
9,379677
4,068461
5,199921
7,5808

7.1100427999999996

peopleSaved
52
84
58
78
134
76
80
66
57
63

74.8

peopleNotSaved
63
40
64
101
50
62
46
37
58
59

58.0

allPeople
115
124
122
179
184
138
126
103
115
122

132.8

runTimes
88,16708
126,4683
82,6026
118,4322
162,6629
110,0228
122,3836
107,5847
86,52161
114,0218

111.88675900000001

maxResponseTime
57,92291

maxPeopleSaved
134

maxPeopleNotSaved
101

burnedRatios
1,7444
1,541027
1,36345
1,918577
1,631147
3,15567
1,706647
1,448832
1,20319
1,1559

1.6868839999999998

ImpossibleEmergencies
1
0
0
1
1
0
0
1
0
0

0.4

WastedAmbulances
5
13
7
9
8
8
3
12
4
12

8.1

WastedFiretrucks
0
0
0
0
0
0
0
0
0
0

0.0
------------------------------------------------
