BeRandom
MaxEmergencies = 15
MaxFailures = 15
NFiretrucks = 5
NAmbulances = 5

responseTimes
12,96509
18,35501
9,076148
10,38155
8,953803
14,24685
25,26837
17,40293
14,42058
13,21924

14.428957100000002

peopleSaved
61
49
55
57
42
65
52
69
46
68

56.4

peopleNotSaved
35
91
78
63
70
73
100
72
70
105

75.7

allPeople
96
140
133
120
112
138
152
141
116
173

132.1

runTimes
130,7137
142,0668
124,7628
123,1966
92,7301
154,2099
110,4734
137,4988
131,5612
158,7468

130.59600999999998

maxResponseTime
109,1071

maxPeopleSaved
69

maxPeopleNotSaved
105

burnedRatios
2,949004
1,409189
1,699624
1,236894
1,33335
2,409279
1,531337
4,906362
1,5283
1,3057

2.0309039

ImpossibleEmergencies
4
0
0
1
0
4
0
3
1
0

1.3

WastedAmbulances
20
25
22
17
17
22
21
19
28
19

21.0

WastedFiretrucks
1
0
0
0
0
2
0
0
0
0

0.3
------------------------------------------------
