Centralized
MaxEmergencies = 15
MaxFailures = 15
NFiretrucks = 4
NAmbulances = 4

responseTimes
11,85615
15,75811
14,33062
11,36726
15,0403
13,80491
25,35055
8,579309
12,43108
16,02384

14.454212900000002

peopleSaved
51
46
42
81
47
37
47
50
29
55

48.5

peopleNotSaved
42
40
67
59
74
107
91
77
54
75

68.6

allPeople
93
86
109
140
121
144
138
127
83
130

117.1

runTimes
112,0142
102,9465
94,4442
146,1548
86,57779
97,27606
105,0756
105,1719
75,28491
122,4368

104.73827600000001

maxResponseTime
116,5096

maxPeopleSaved
81

maxPeopleNotSaved
107

burnedRatios
3,324159
1,181311
1,770571
8,115427
1,490278
1,57371
NaN
1,539317
1,246325
2,451461

2.521395444444444

ImpossibleEmergencies
2
0
1
3
0
0
0
0
0
0

0.6

WastedAmbulances
10
9
5
10
5
5
4
3
8
4

6.3

WastedFiretrucks
0
0
0
0
0
0
0
0
0
0

0.0
------------------------------------------------
